State         Time     Equivalence  xx_c(j) J=SEP_NO     c_alpha_SEP           Phi_1         c_0_SEP     J=NJ      c_alpha_NJ           Phi_1          c_0_NJ  
  CDR        hours       Li1_xV3O8       nm        #       Li1_xV3O8               V               M        #       Li1_xV3O8               V               M  
    D        0.000     0.00000E+00     0.00       22     1.00021E+00     4.20000E+00     1.00000E+00       33     1.00021E+00     4.20000E+00     1.00000E+00  
    D        0.000     0.00000E+00   156.25       22     1.00021E+00     4.20000E+00     1.00000E+00       33     1.00021E+00     4.20000E+00     1.00000E+00  
    D        0.000     0.00000E+00   468.75       22     1.00021E+00     4.20000E+00     1.00000E+00       33     1.00021E+00     4.20000E+00     1.00000E+00  
    D        0.000     0.00000E+00   781.25       22     1.00021E+00     4.20000E+00     1.00000E+00       33     1.00021E+00     4.20000E+00     1.00000E+00  
    D        0.000     0.00000E+00  1093.75       22     1.00021E+00     4.20000E+00     1.00000E+00       33     1.00021E+00     4.20000E+00     1.00000E+00  
    D        0.000     0.00000E+00  1406.25       22     1.00021E+00     4.20000E+00     1.00000E+00       33     1.00021E+00     4.20000E+00     1.00000E+00  
    D        0.000     0.00000E+00  1718.75       22     1.00021E+00     4.20000E+00     1.00000E+00       33     1.00021E+00     4.20000E+00     1.00000E+00  
    D        0.000     0.00000E+00  2031.25       22     1.00021E+00     4.20000E+00     1.00000E+00       33     1.00021E+00     4.20000E+00     1.00000E+00  
    D        0.000     0.00000E+00  2343.75       22     1.00021E+00     4.20000E+00     1.00000E+00       33     1.00021E+00     4.20000E+00     1.00000E+00  
    D        0.000     0.00000E+00  2656.25       22     1.00021E+00     4.20000E+00     1.00000E+00       33     1.00021E+00     4.20000E+00     1.00000E+00  
    D        0.000     0.00000E+00  2968.75       22     1.00021E+00     4.20000E+00     1.00000E+00       33     1.00021E+00     4.20000E+00     1.00000E+00  
    D        0.000     0.00000E+00  3281.25       22     1.00021E+00     4.20000E+00     1.00000E+00       33     1.00021E+00     4.20000E+00     1.00000E+00  
    D        0.000     0.00000E+00  3593.75       22     1.00021E+00     4.20000E+00     1.00000E+00       33     1.00021E+00     4.20000E+00     1.00000E+00  
    D        0.000     0.00000E+00  3906.25       22     1.00021E+00     4.20000E+00     1.00000E+00       33     1.00021E+00     4.20000E+00     1.00000E+00  
    D        0.000     0.00000E+00  4218.75       22     1.00021E+00     4.20000E+00     1.00000E+00       33     1.00021E+00     4.20000E+00     1.00000E+00  
    D        0.000     0.00000E+00  4531.25       22     1.00021E+00     4.20000E+00     1.00000E+00       33     1.00021E+00     4.20000E+00     1.00000E+00  
    D        0.000     0.00000E+00  4843.75       22     1.00021E+00     4.20000E+00     1.00000E+00       33     1.00021E+00     4.20000E+00     1.00000E+00  
    D        0.000     0.00000E+00  5156.25       22     1.00021E+00     4.20000E+00     1.00000E+00       33     1.00021E+00     4.20000E+00     1.00000E+00  
    D        0.000     0.00000E+00  5468.75       22     1.00021E+00     4.20000E+00     1.00000E+00       33     1.00021E+00     4.20000E+00     1.00000E+00  
    D        0.000     0.00000E+00  5781.25       22     1.00021E+00     4.20000E+00     1.00000E+00       33     1.00021E+00     4.20000E+00     1.00000E+00  
    D        0.000     0.00000E+00  6093.75       22     1.00021E+00     4.20000E+00     1.00000E+00       33     1.00021E+00     4.20000E+00     1.00000E+00  
    D        0.000     0.00000E+00  6250.00       22     1.00021E+00     4.20000E+00     1.00000E+00       33     1.00021E+00     4.20000E+00     1.00000E+00  
    D        0.028     7.49806E-03     0.00       22     1.00455E+00     4.14516E+00     2.37265E-01       33     1.00455E+00     4.14516E+00     2.37252E-01  
    D        0.028     7.49806E-03   156.25       22     1.00455E+00     4.14516E+00     2.37265E-01       33     1.00455E+00     4.14516E+00     2.37252E-01  
    D        0.028     7.49806E-03   468.75       22     1.00456E+00     4.14516E+00     2.38532E-01       33     1.00456E+00     4.14516E+00     2.38520E-01  
    D        0.028     7.49806E-03   781.25       22     1.00459E+00     4.14516E+00     2.41111E-01       33     1.00459E+00     4.14516E+00     2.41099E-01  
    D        0.028     7.49806E-03  1093.75       22     1.00463E+00     4.14516E+00     2.45091E-01       33     1.00463E+00     4.14516E+00     2.45078E-01  
    D        0.028     7.49806E-03  1406.25       22     1.00468E+00     4.14516E+00     2.50610E-01       33     1.00468E+00     4.14516E+00     2.50598E-01  
    D        0.028     7.49806E-03  1718.75       22     1.00476E+00     4.14516E+00     2.57860E-01       33     1.00476E+00     4.14516E+00     2.57848E-01  
    D        0.028     7.49806E-03  2031.25       22     1.00485E+00     4.14516E+00     2.67091E-01       33     1.00485E+00     4.14516E+00     2.67079E-01  
    D        0.028     7.49806E-03  2343.75       22     1.00497E+00     4.14516E+00     2.78621E-01       33     1.00497E+00     4.14516E+00     2.78609E-01  
    D        0.028     7.49806E-03  2656.25       22     1.00513E+00     4.14516E+00     2.92848E-01       33     1.00513E+00     4.14516E+00     2.92835E-01  
    D        0.028     7.49806E-03  2968.75       22     1.00532E+00     4.14516E+00     3.10267E-01       33     1.00532E+00     4.14516E+00     3.10254E-01  
    D        0.028     7.49806E-03  3281.25       22     1.00556E+00     4.14516E+00     3.31494E-01       33     1.00556E+00     4.14516E+00     3.31481E-01  
    D        0.028     7.49806E-03  3593.75       22     1.00587E+00     4.14516E+00     3.57298E-01       33     1.00587E+00     4.14516E+00     3.57285E-01  
    D        0.028     7.49806E-03  3906.25       22     1.00627E+00     4.14516E+00     3.88644E-01       33     1.00627E+00     4.14516E+00     3.88632E-01  
    D        0.028     7.49806E-03  4218.75       22     1.00677E+00     4.14516E+00     4.26758E-01       33     1.00677E+00     4.14516E+00     4.26746E-01  
    D        0.028     7.49806E-03  4531.25       22     1.00743E+00     4.14516E+00     4.73208E-01       33     1.00743E+00     4.14516E+00     4.73196E-01  
    D        0.028     7.49806E-03  4843.75       22     1.00830E+00     4.14516E+00     5.30014E-01       33     1.00830E+00     4.14516E+00     5.30003E-01  
    D        0.028     7.49806E-03  5156.25       22     1.00946E+00     4.14516E+00     5.99783E-01       33     1.00946E+00     4.14516E+00     5.99772E-01  
    D        0.028     7.49806E-03  5468.75       22     1.01101E+00     4.14516E+00     6.85809E-01       33     1.01101E+00     4.14516E+00     6.85801E-01  
    D        0.028     7.49806E-03  5781.25       22     1.01309E+00     4.14516E+00     7.92014E-01       33     1.01309E+00     4.14516E+00     7.92008E-01  
    D        0.028     7.49806E-03  6093.75       22     1.01582E+00     4.14516E+00     9.22243E-01       33     1.01582E+00     4.14516E+00     9.22240E-01  
    D        0.028     7.49806E-03  6250.00       22     1.01755E+00     4.14516E+00     9.99995E-01       33     1.01755E+00     4.14516E+00     9.99993E-01  
    D        0.044     1.19219E-02     0.00       22             NaN             NaN             NaN       33             NaN             NaN             NaN  
    D        0.044     1.19219E-02   156.25       22             NaN             NaN             NaN       33             NaN             NaN             NaN  
    D        0.044     1.19219E-02   468.75       22             NaN             NaN             NaN       33             NaN             NaN             NaN  
    D        0.044     1.19219E-02   781.25       22             NaN             NaN             NaN       33             NaN             NaN             NaN  
    D        0.044     1.19219E-02  1093.75       22             NaN             NaN             NaN       33             NaN             NaN             NaN  
    D        0.044     1.19219E-02  1406.25       22             NaN             NaN             NaN       33             NaN             NaN             NaN  
    D        0.044     1.19219E-02  1718.75       22             NaN             NaN             NaN       33             NaN             NaN             NaN  
    D        0.044     1.19219E-02  2031.25       22             NaN             NaN             NaN       33             NaN             NaN             NaN  
    D        0.044     1.19219E-02  2343.75       22             NaN             NaN             NaN       33             NaN             NaN             NaN  
    D        0.044     1.19219E-02  2656.25       22             NaN             NaN             NaN       33             NaN             NaN             NaN  
    D        0.044     1.19219E-02  2968.75       22             NaN             NaN             NaN       33             NaN             NaN             NaN  
    D        0.044     1.19219E-02  3281.25       22             NaN             NaN             NaN       33             NaN             NaN             NaN  
    D        0.044     1.19219E-02  3593.75       22             NaN             NaN             NaN       33             NaN             NaN             NaN  
    D        0.044     1.19219E-02  3906.25       22             NaN             NaN             NaN       33             NaN             NaN             NaN  
    D        0.044     1.19219E-02  4218.75       22             NaN             NaN             NaN       33             NaN             NaN             NaN  
    D        0.044     1.19219E-02  4531.25       22             NaN             NaN             NaN       33             NaN             NaN             NaN  
    D        0.044     1.19219E-02  4843.75       22             NaN             NaN             NaN       33             NaN             NaN             NaN  
    D        0.044     1.19219E-02  5156.25       22             NaN             NaN             NaN       33             NaN             NaN             NaN  
    D        0.044     1.19219E-02  5468.75       22             NaN             NaN             NaN       33             NaN             NaN             NaN  
    D        0.044     1.19219E-02  5781.25       22             NaN             NaN             NaN       33             NaN             NaN             NaN  
    D        0.044     1.19219E-02  6093.75       22             NaN             NaN             NaN       33             NaN             NaN             NaN  
    D        0.044     1.19219E-02  6250.00       22             NaN             NaN             NaN       33             NaN             NaN             NaN  
