State         Time      Voltage    Solution_Pot        Position            mAhg     Equivalence      Elect_Conc      Solid_Conc        Rxn_Rate         Cur_Sol          Cur_SS         Cur_tot
  CDR        hours        Volts           Volts              cm           mAh/g          LixNMC           mol/L          LixNMC               ,           A/cm2           A/cm2           A/cm2
    D      0.00000      4.20000     0.00000E+00     0.00000E+00     0.00000E+00     0.00000E+00     1.00000E+00     2.09696E-04    -1.26734E-06    -0.00000E+00    -0.00000E+00     0.00000E+00
    D      0.00000      4.20000     0.00000E+00     6.25000E-05     0.00000E+00     0.00000E+00     1.00000E+00     2.09696E-04    -1.26734E-06    -0.00000E+00    -0.00000E+00     0.00000E+00
    D      0.00000      4.20000     0.00000E+00     1.87500E-04     0.00000E+00     0.00000E+00     1.00000E+00     2.09696E-04    -1.26734E-06    -0.00000E+00    -0.00000E+00     0.00000E+00
    D      0.00000      4.20000     0.00000E+00     3.12500E-04     0.00000E+00     0.00000E+00     1.00000E+00     2.09696E-04    -1.26734E-06    -0.00000E+00    -0.00000E+00     0.00000E+00
    D      0.00000      4.20000     0.00000E+00     4.37500E-04     0.00000E+00     0.00000E+00     1.00000E+00     2.09696E-04    -1.26734E-06    -0.00000E+00    -0.00000E+00     0.00000E+00
    D      0.00000      4.20000     0.00000E+00     5.62500E-04     0.00000E+00     0.00000E+00     1.00000E+00     2.09696E-04    -1.26734E-06    -0.00000E+00    -0.00000E+00     0.00000E+00
    D      0.00000      4.20000     0.00000E+00     6.87500E-04     0.00000E+00     0.00000E+00     1.00000E+00     2.09696E-04    -1.26734E-06    -0.00000E+00    -0.00000E+00     0.00000E+00
    D      0.00000      4.20000     0.00000E+00     8.12500E-04     0.00000E+00     0.00000E+00     1.00000E+00     2.09696E-04    -1.26734E-06    -0.00000E+00    -0.00000E+00     0.00000E+00
    D      0.00000      4.20000     0.00000E+00     9.37500E-04     0.00000E+00     0.00000E+00     1.00000E+00     2.09696E-04    -1.26734E-06    -0.00000E+00    -0.00000E+00     0.00000E+00
    D      0.00000      4.20000     0.00000E+00     1.06250E-03     0.00000E+00     0.00000E+00     1.00000E+00     2.09696E-04    -1.26734E-06    -0.00000E+00    -0.00000E+00     0.00000E+00
    D      0.00000      4.20000     0.00000E+00     1.18750E-03     0.00000E+00     0.00000E+00     1.00000E+00     2.09696E-04    -1.26734E-06    -0.00000E+00    -0.00000E+00     0.00000E+00
    D      0.00000      4.20000     0.00000E+00     1.31250E-03     0.00000E+00     0.00000E+00     1.00000E+00     2.09696E-04    -1.26734E-06    -0.00000E+00    -0.00000E+00     0.00000E+00
    D      0.00000      4.20000     0.00000E+00     1.43750E-03     0.00000E+00     0.00000E+00     1.00000E+00     2.09696E-04    -1.26734E-06    -0.00000E+00    -0.00000E+00     0.00000E+00
    D      0.00000      4.20000     0.00000E+00     1.56250E-03     0.00000E+00     0.00000E+00     1.00000E+00     2.09696E-04    -1.26734E-06    -0.00000E+00    -0.00000E+00     0.00000E+00
    D      0.00000      4.20000     0.00000E+00     1.68750E-03     0.00000E+00     0.00000E+00     1.00000E+00     2.09696E-04    -1.26734E-06    -0.00000E+00    -0.00000E+00     0.00000E+00
    D      0.00000      4.20000     0.00000E+00     1.81250E-03     0.00000E+00     0.00000E+00     1.00000E+00     2.09696E-04    -1.26734E-06    -0.00000E+00    -0.00000E+00     0.00000E+00
    D      0.00000      4.20000     0.00000E+00     1.93750E-03     0.00000E+00     0.00000E+00     1.00000E+00     2.09696E-04    -1.26734E-06    -0.00000E+00    -0.00000E+00     0.00000E+00
    D      0.00000      4.20000     0.00000E+00     2.06250E-03     0.00000E+00     0.00000E+00     1.00000E+00     2.09696E-04    -1.26734E-06    -0.00000E+00    -0.00000E+00     0.00000E+00
    D      0.00000      4.20000     0.00000E+00     2.18750E-03     0.00000E+00     0.00000E+00     1.00000E+00     2.09696E-04    -1.26734E-06    -0.00000E+00    -0.00000E+00     0.00000E+00
    D      0.00000      4.20000     0.00000E+00     2.31250E-03     0.00000E+00     0.00000E+00     1.00000E+00     2.09696E-04    -1.26734E-06    -0.00000E+00    -0.00000E+00     0.00000E+00
    D      0.00000      4.20000     0.00000E+00     2.43750E-03     0.00000E+00     0.00000E+00     1.00000E+00     2.09696E-04    -1.26734E-06    -0.00000E+00    -0.00000E+00     0.00000E+00
    D      0.00000      4.20000     0.00000E+00     2.50000E-03     0.00000E+00     0.00000E+00     1.00000E+00     2.09696E-04    -1.26734E-06    -0.00000E+00    -0.00000E+00     0.00000E+00
    D      0.00000      4.20000     0.00000E+00     2.63080E-03     0.00000E+00     0.00000E+00     1.00000E+00     2.09696E-04    -1.26734E-06    -0.00000E+00    -0.00000E+00     0.00000E+00
    D      0.00000      4.20000     0.00000E+00     2.89239E-03     0.00000E+00     0.00000E+00     1.00000E+00     2.09696E-04    -1.26734E-06    -0.00000E+00    -0.00000E+00     0.00000E+00
    D      0.00000      4.20000     0.00000E+00     3.15399E-03     0.00000E+00     0.00000E+00     1.00000E+00     2.09696E-04    -1.26734E-06    -0.00000E+00    -0.00000E+00     0.00000E+00
    D      0.00000      4.20000     0.00000E+00     3.41558E-03     0.00000E+00     0.00000E+00     1.00000E+00     2.09696E-04    -1.26734E-06    -0.00000E+00    -0.00000E+00     0.00000E+00
    D      0.00000      4.20000     0.00000E+00     3.67717E-03     0.00000E+00     0.00000E+00     1.00000E+00     2.09696E-04    -1.26734E-06    -0.00000E+00    -0.00000E+00     0.00000E+00
    D      0.00000      4.20000     0.00000E+00     3.93877E-03     0.00000E+00     0.00000E+00     1.00000E+00     2.09696E-04    -1.26734E-06    -0.00000E+00    -0.00000E+00     0.00000E+00
    D      0.00000      4.20000     0.00000E+00     4.20036E-03     0.00000E+00     0.00000E+00     1.00000E+00     2.09696E-04    -1.26734E-06    -0.00000E+00    -0.00000E+00     0.00000E+00
    D      0.00000      4.20000     0.00000E+00     4.46196E-03     0.00000E+00     0.00000E+00     1.00000E+00     2.09696E-04    -1.26734E-06    -0.00000E+00    -0.00000E+00     0.00000E+00
    D      0.00000      4.20000     0.00000E+00     4.72355E-03     0.00000E+00     0.00000E+00     1.00000E+00     2.09696E-04    -1.26734E-06    -0.00000E+00    -0.00000E+00     0.00000E+00
    D      0.00000      4.20000     0.00000E+00     4.98514E-03     0.00000E+00     0.00000E+00     1.00000E+00     2.09696E-04    -1.26734E-06    -0.00000E+00    -0.00000E+00     0.00000E+00
    D      0.00000      4.20000     0.00000E+00     5.11594E-03     0.00000E+00     0.00000E+00     1.00000E+00     2.09696E-04    -1.26734E-06    -0.00000E+00    -0.00000E+00     0.00000E+00
    D      0.02778      3.98830     0.00000E+00     0.00000E+00     2.08333E+00     7.49806E-03     1.00003E+00     2.09696E-04    -7.82989E-05     2.70750E-04    -0.00000E+00     2.70750E-04
    D      0.02778      3.98830    -2.30944E-08     6.25000E-05     2.08333E+00     7.49806E-03     1.00003E+00     2.09696E-04    -7.82987E-05     2.70750E-04    -0.00000E+00     2.70750E-04
    D      0.02778      3.98830    -6.92834E-08     1.87500E-04     2.08333E+00     7.49806E-03     1.00003E+00     2.09696E-04    -7.82985E-05     2.70750E-04    -0.00000E+00     2.70750E-04
    D      0.02778      3.98830    -1.15472E-07     3.12500E-04     2.08333E+00     7.49806E-03     1.00003E+00     2.09696E-04    -7.82983E-05     2.70750E-04    -0.00000E+00     2.70750E-04
    D      0.02778      3.98830    -1.61662E-07     4.37500E-04     2.08333E+00     7.49806E-03     1.00002E+00     2.09696E-04    -7.82981E-05     2.70750E-04    -0.00000E+00     2.70750E-04
    D      0.02778      3.98830    -2.07851E-07     5.62500E-04     2.08333E+00     7.49806E-03     1.00002E+00     2.09696E-04    -7.82979E-05     2.70750E-04    -0.00000E+00     2.70750E-04
    D      0.02778      3.98830    -2.54040E-07     6.87500E-04     2.08333E+00     7.49806E-03     1.00002E+00     2.09696E-04    -7.82977E-05     2.70750E-04    -0.00000E+00     2.70750E-04
    D      0.02778      3.98830    -3.00229E-07     8.12500E-04     2.08333E+00     7.49806E-03     1.00002E+00     2.09696E-04    -7.82975E-05     2.70750E-04    -0.00000E+00     2.70750E-04
    D      0.02778      3.98830    -3.46419E-07     9.37500E-04     2.08333E+00     7.49806E-03     1.00002E+00     2.09696E-04    -7.82973E-05     2.70750E-04    -0.00000E+00     2.70750E-04
    D      0.02778      3.98830    -3.92608E-07     1.06250E-03     2.08333E+00     7.49806E-03     1.00002E+00     2.09696E-04    -7.82971E-05     2.70750E-04    -0.00000E+00     2.70750E-04
    D      0.02778      3.98830    -4.38798E-07     1.18750E-03     2.08333E+00     7.49806E-03     1.00001E+00     2.09696E-04    -7.82968E-05     2.70750E-04    -0.00000E+00     2.70750E-04
    D      0.02778      3.98830    -4.84988E-07     1.31250E-03     2.08333E+00     7.49806E-03     1.00001E+00     2.09696E-04    -7.82966E-05     2.70750E-04    -0.00000E+00     2.70750E-04
    D      0.02778      3.98830    -5.31177E-07     1.43750E-03     2.08333E+00     7.49806E-03     1.00001E+00     2.09696E-04    -7.82964E-05     2.70750E-04    -0.00000E+00     2.70750E-04
    D      0.02778      3.98830    -5.77367E-07     1.56250E-03     2.08333E+00     7.49806E-03     1.00001E+00     2.09696E-04    -7.82962E-05     2.70750E-04    -0.00000E+00     2.70750E-04
    D      0.02778      3.98830    -6.23557E-07     1.68750E-03     2.08333E+00     7.49806E-03     1.00001E+00     2.09696E-04    -7.82960E-05     2.70750E-04    -0.00000E+00     2.70750E-04
    D      0.02778      3.98830    -6.69747E-07     1.81250E-03     2.08333E+00     7.49806E-03     1.00000E+00     2.09696E-04    -7.82958E-05     2.70750E-04    -0.00000E+00     2.70750E-04
    D      0.02778      3.98830    -7.15937E-07     1.93750E-03     2.08333E+00     7.49806E-03     1.00000E+00     2.09696E-04    -7.82956E-05     2.70750E-04    -0.00000E+00     2.70750E-04
    D      0.02778      3.98830    -7.62128E-07     2.06250E-03     2.08333E+00     7.49806E-03     1.00000E+00     2.09696E-04    -7.82954E-05     2.70750E-04    -0.00000E+00     2.70750E-04
    D      0.02778      3.98830    -8.08318E-07     2.18750E-03     2.08333E+00     7.49806E-03     9.99999E-01     2.09696E-04    -7.82952E-05     2.70750E-04    -0.00000E+00     2.70750E-04
    D      0.02778      3.98830    -8.54508E-07     2.31250E-03     2.08333E+00     7.49806E-03     9.99997E-01     2.09696E-04    -7.82949E-05     2.70750E-04    -0.00000E+00     2.70750E-04
    D      0.02778      3.98830    -9.00699E-07     2.43750E-03     2.08333E+00     7.49806E-03     9.99996E-01     2.09696E-04    -7.82947E-05     2.70750E-04    -0.00000E+00     2.70750E-04
    D      0.02778      3.98830    -9.23794E-07     2.50000E-03     2.08333E+00     7.49806E-03     9.99995E-01     1.75457E-02    -1.58192E-04     2.70750E-04    -0.00000E+00     2.70750E-04
    D      0.02778      3.98830    -9.28506E-07     2.63080E-03     2.08333E+00     7.49806E-03     9.99995E-01     7.34519E-03    -1.44666E-04     5.97286E-05     1.37191E-05     2.70750E-04
    D      0.02778      3.98830    -9.37215E-07     2.89239E-03     2.08333E+00     7.49806E-03     9.99994E-01     5.23233E-03    -1.28423E-04     5.61757E-05     2.90084E-05     2.70750E-04
    D      0.02778      3.98830    -9.45336E-07     3.15399E-03     2.08333E+00     7.49806E-03     9.99994E-01     4.39873E-03    -1.20940E-04     5.20463E-05     4.67785E-05     2.70750E-04
    D      0.02778      3.98830    -9.52808E-07     3.41558E-03     2.08333E+00     7.49806E-03     9.99994E-01     4.05453E-03    -1.17703E-04     4.72466E-05     6.74332E-05     2.70750E-04
    D      0.02778      3.98830    -9.59491E-07     3.67717E-03     2.08333E+00     7.49806E-03     9.99993E-01     3.91959E-03    -1.16413E-04     4.16253E-05     9.16234E-05     2.70750E-04
    D      0.02778      3.98830    -9.65279E-07     3.93877E-03     2.08333E+00     7.49806E-03     9.99993E-01     3.86892E-03    -1.15926E-04     3.54269E-05     1.18297E-04     2.70750E-04
    D      0.02778      3.98830    -9.70105E-07     4.20036E-03     2.08333E+00     7.49806E-03     9.99993E-01     3.84950E-03    -1.15739E-04     2.88933E-05     1.46413E-04     2.70750E-04
    D      0.02778      3.98830    -9.73935E-07     4.46196E-03     2.08333E+00     7.49806E-03     9.99993E-01     3.83785E-03    -1.15626E-04     2.21647E-05     1.75368E-04     2.70750E-04
    D      0.02778      3.98830    -9.76746E-07     4.72355E-03     2.08333E+00     7.49806E-03     9.99993E-01     1.70958E-02    -1.59509E-04     1.40980E-05     2.10082E-04     2.70750E-04
    D      0.02778      3.98830    -9.78159E-07     4.98514E-03     2.08333E+00     7.49806E-03     9.99993E-01     1.75494E-02    -1.58180E-04     6.28846E-06     2.43689E-04     2.70750E-04
    D      0.02778      3.98830    -9.78159E-07     5.11594E-03     2.08333E+00     7.49806E-03     9.99993E-01     1.75463E-02    -1.58190E-04     2.82722E-18     2.70750E-04     2.70750E-04
    D      0.04417          NaN             NaN     0.00000E+00     3.31250E+00     1.19219E-02             NaN     2.09696E-04             NaN             NaN             NaN     2.70750E-04
    D      0.04417          NaN             NaN     6.25000E-05     3.31250E+00     1.19219E-02             NaN     2.09696E-04             NaN             NaN             NaN     2.70750E-04
    D      0.04417          NaN             NaN     1.87500E-04     3.31250E+00     1.19219E-02             NaN     2.09696E-04             NaN             NaN             NaN     2.70750E-04
    D      0.04417          NaN             NaN     3.12500E-04     3.31250E+00     1.19219E-02             NaN     2.09696E-04             NaN             NaN             NaN     2.70750E-04
    D      0.04417          NaN             NaN     4.37500E-04     3.31250E+00     1.19219E-02             NaN     2.09696E-04             NaN             NaN             NaN     2.70750E-04
    D      0.04417          NaN             NaN     5.62500E-04     3.31250E+00     1.19219E-02             NaN     2.09696E-04             NaN             NaN             NaN     2.70750E-04
    D      0.04417          NaN             NaN     6.87500E-04     3.31250E+00     1.19219E-02             NaN     2.09696E-04             NaN             NaN             NaN     2.70750E-04
    D      0.04417          NaN             NaN     8.12500E-04     3.31250E+00     1.19219E-02             NaN     2.09696E-04             NaN             NaN             NaN     2.70750E-04
    D      0.04417          NaN             NaN     9.37500E-04     3.31250E+00     1.19219E-02             NaN     2.09696E-04             NaN             NaN             NaN     2.70750E-04
    D      0.04417          NaN             NaN     1.06250E-03     3.31250E+00     1.19219E-02             NaN     2.09696E-04             NaN             NaN             NaN     2.70750E-04
    D      0.04417          NaN             NaN     1.18750E-03     3.31250E+00     1.19219E-02             NaN     2.09696E-04             NaN             NaN             NaN     2.70750E-04
    D      0.04417          NaN             NaN     1.31250E-03     3.31250E+00     1.19219E-02             NaN     2.09696E-04             NaN             NaN             NaN     2.70750E-04
    D      0.04417          NaN             NaN     1.43750E-03     3.31250E+00     1.19219E-02             NaN     2.09696E-04             NaN             NaN             NaN     2.70750E-04
    D      0.04417          NaN             NaN     1.56250E-03     3.31250E+00     1.19219E-02             NaN     2.09696E-04             NaN             NaN             NaN     2.70750E-04
    D      0.04417          NaN             NaN     1.68750E-03     3.31250E+00     1.19219E-02             NaN     2.09696E-04             NaN             NaN             NaN     2.70750E-04
    D      0.04417          NaN             NaN     1.81250E-03     3.31250E+00     1.19219E-02             NaN     2.09696E-04             NaN             NaN             NaN     2.70750E-04
    D      0.04417          NaN             NaN     1.93750E-03     3.31250E+00     1.19219E-02             NaN     2.09696E-04             NaN             NaN             NaN     2.70750E-04
    D      0.04417          NaN             NaN     2.06250E-03     3.31250E+00     1.19219E-02             NaN     2.09696E-04             NaN             NaN             NaN     2.70750E-04
    D      0.04417          NaN             NaN     2.18750E-03     3.31250E+00     1.19219E-02             NaN     2.09696E-04             NaN             NaN             NaN     2.70750E-04
    D      0.04417          NaN             NaN     2.31250E-03     3.31250E+00     1.19219E-02             NaN     2.09696E-04             NaN             NaN             NaN     2.70750E-04
    D      0.04417          NaN             NaN     2.43750E-03     3.31250E+00     1.19219E-02             NaN     2.09696E-04             NaN             NaN             NaN     2.70750E-04
    D      0.04417          NaN             NaN     2.50000E-03     3.31250E+00     1.19219E-02             NaN             NaN             NaN             NaN             NaN     2.70750E-04
    D      0.04417          NaN             NaN     2.63080E-03     3.31250E+00     1.19219E-02             NaN             NaN             NaN             NaN             NaN     2.70750E-04
    D      0.04417          NaN             NaN     2.89239E-03     3.31250E+00     1.19219E-02             NaN             NaN             NaN             NaN             NaN     2.70750E-04
    D      0.04417          NaN             NaN     3.15399E-03     3.31250E+00     1.19219E-02             NaN             NaN             NaN             NaN             NaN     2.70750E-04
    D      0.04417          NaN             NaN     3.41558E-03     3.31250E+00     1.19219E-02             NaN             NaN             NaN             NaN             NaN     2.70750E-04
    D      0.04417          NaN             NaN     3.67717E-03     3.31250E+00     1.19219E-02             NaN             NaN             NaN             NaN             NaN     2.70750E-04
    D      0.04417          NaN             NaN     3.93877E-03     3.31250E+00     1.19219E-02             NaN             NaN             NaN             NaN             NaN     2.70750E-04
    D      0.04417          NaN             NaN     4.20036E-03     3.31250E+00     1.19219E-02             NaN             NaN             NaN             NaN             NaN     2.70750E-04
    D      0.04417          NaN             NaN     4.46196E-03     3.31250E+00     1.19219E-02             NaN             NaN             NaN             NaN             NaN     2.70750E-04
    D      0.04417          NaN             NaN     4.72355E-03     3.31250E+00     1.19219E-02             NaN             NaN             NaN             NaN             NaN     2.70750E-04
    D      0.04417          NaN             NaN     4.98514E-03     3.31250E+00     1.19219E-02             NaN             NaN             NaN             NaN             NaN     2.70750E-04
    D      0.04417          NaN             NaN     5.11594E-03     3.31250E+00     1.19219E-02             NaN             NaN             NaN             NaN             NaN     2.70750E-04
