State         Time      Voltage            mAhg     Equivalence      Solid_Conc       Thickness     Vol_En_Dens     Spe_En_Dens       Areal_cap
  CDR        hours        Volts           mAh/g          LixNMC          LixNMC              um            Wh/L            Wh/g         mAh/cm2
    D      0.00000      4.20000     0.00000E+00     0.00000E+00     2.09696E-04     2.61594E-03     0.00000E+00     0.00000E+00     0.00000E+00
    D      0.02778      3.99719     2.08333E+00     7.49806E-03     9.15789E-03     2.61594E-03     7.37294E+00     5.34271E+00     7.52083E-03
    D      0.05528      4.00014     4.14583E+00     1.49211E-02     2.38389E-02     2.61594E-03     1.92385E+01     1.39410E+01     1.49665E-02
    D      0.08278      3.98257     6.20833E+00     2.23442E-02     3.30059E-02     2.61594E-03     3.11150E+01     2.25471E+01     2.24121E-02
    D      0.11028      3.96178     8.27083E+00     2.97673E-02     4.08893E-02     2.61594E-03     4.29505E+01     3.11236E+01     2.98577E-02
    D      0.13778      3.94115     1.03333E+01     3.71904E-02     4.86351E-02     2.61594E-03     5.47287E+01     3.96585E+01     3.73033E-02
    D      0.16528      3.92132     1.23958E+01     4.46134E-02     5.64853E-02     2.61594E-03     6.64470E+01     4.81500E+01     4.47490E-02
    D      0.19278      3.90242     1.44583E+01     5.20365E-02     6.44653E-02     2.61594E-03     7.81072E+01     5.65994E+01     5.21946E-02
    D      0.22028      3.88443     1.65208E+01     5.94596E-02     7.25422E-02     2.61594E-03     8.97124E+01     6.50090E+01     5.96402E-02
    D      0.24778      3.86727     1.85833E+01     6.68827E-02     8.06700E-02     2.61594E-03     1.01266E+02     7.33808E+01     6.70858E-02
    D      0.27528      3.85083     2.06458E+01     7.43057E-02     8.88089E-02     2.61594E-03     1.12770E+02     8.17171E+01     7.45315E-02
    D      0.30278      3.83500     2.27083E+01     8.17288E-02     9.69331E-02     2.61594E-03     1.24227E+02     9.00193E+01     8.19771E-02
    D      0.33028      3.81971     2.47708E+01     8.91519E-02     1.05032E-01     2.61594E-03     1.35639E+02     9.82889E+01     8.94227E-02
    D      0.35778      3.80490     2.68333E+01     9.65750E-02     1.13105E-01     2.61594E-03     1.47007E+02     1.06527E+02     9.68683E-02
    D      0.38528      3.79055     2.88958E+01     1.03998E-01     1.21161E-01     2.61594E-03     1.58334E+02     1.14734E+02     1.04314E-01
    D      0.41278      3.77664     3.09583E+01     1.11421E-01     1.29208E-01     2.61594E-03     1.69619E+02     1.22912E+02     1.11760E-01
    D      0.44028      3.76316     3.30208E+01     1.18844E-01     1.37253E-01     2.61594E-03     1.80865E+02     1.31061E+02     1.19205E-01
    D      0.46778      3.75008     3.50833E+01     1.26267E-01     1.45303E-01     2.61594E-03     1.92072E+02     1.39182E+02     1.26651E-01
    D      0.49528      3.73740     3.71458E+01     1.33690E-01     1.53359E-01     2.61594E-03     2.03241E+02     1.47276E+02     1.34096E-01
    D      0.52278      3.72510     3.92083E+01     1.41113E-01     1.61424E-01     2.61594E-03     2.14375E+02     1.55344E+02     1.41542E-01
    D      0.55028      3.71316     4.12708E+01     1.48537E-01     1.69498E-01     2.61594E-03     2.25473E+02     1.63386E+02     1.48988E-01
    D      0.57778      3.70157     4.33333E+01     1.55960E-01     1.77585E-01     2.61594E-03     2.36537E+02     1.71404E+02     1.56433E-01
    D      0.60528      3.69034     4.53958E+01     1.63383E-01     1.85692E-01     2.61594E-03     2.47568E+02     1.79397E+02     1.63879E-01
    D      0.63278      3.67947     4.74583E+01     1.70806E-01     1.93829E-01     2.61594E-03     2.58567E+02     1.87368E+02     1.71325E-01
    D      0.66028      3.66899     4.95208E+01     1.78229E-01     2.02013E-01     2.61594E-03     2.69535E+02     1.95315E+02     1.78770E-01
    D      0.68778      3.65892     5.15833E+01     1.85652E-01     2.10261E-01     2.61594E-03     2.80473E+02     2.03241E+02     1.86216E-01
    D      0.71528      3.64930     5.36458E+01     1.93075E-01     2.18595E-01     2.61594E-03     2.91381E+02     2.11146E+02     1.93661E-01
    D      0.74278      3.64016     5.57083E+01     2.00498E-01     2.27038E-01     2.61594E-03     3.02262E+02     2.19030E+02     2.01107E-01
    D      0.77028      3.63153     5.77708E+01     2.07921E-01     2.35612E-01     2.61594E-03     3.13116E+02     2.26896E+02     2.08553E-01
    D      0.79778      3.62343     5.98333E+01     2.15344E-01     2.44331E-01     2.61594E-03     3.23945E+02     2.34743E+02     2.15998E-01
    D      0.82528      3.61586     6.18958E+01     2.22767E-01     2.53202E-01     2.61594E-03     3.34750E+02     2.42572E+02     2.23444E-01
    D      0.85278      3.60879     6.39583E+01     2.30190E-01     2.62216E-01     2.61594E-03     3.45533E+02     2.50386E+02     2.30890E-01
    D      0.88028      3.60216     6.60208E+01     2.37613E-01     2.71346E-01     2.61594E-03     3.56296E+02     2.58185E+02     2.38335E-01
    D      0.90778      3.59589     6.80833E+01     2.45036E-01     2.80540E-01     2.61594E-03     3.67039E+02     2.65971E+02     2.45781E-01
    D      0.93528      3.58988     7.01458E+01     2.52460E-01     2.89729E-01     2.61594E-03     3.77766E+02     2.73743E+02     2.53226E-01
    D      0.96278      3.58402     7.22083E+01     2.59883E-01     2.98833E-01     2.61594E-03     3.88476E+02     2.81504E+02     2.60672E-01
    D      0.99028      3.57822     7.42708E+01     2.67306E-01     3.07783E-01     2.61594E-03     3.99170E+02     2.89254E+02     2.68118E-01
    D      1.01778      3.57240     7.63333E+01     2.74729E-01     3.16530E-01     2.61594E-03     4.09850E+02     2.96993E+02     2.75563E-01
    D      1.04528      3.56653     7.83958E+01     2.82152E-01     3.25063E-01     2.61594E-03     4.20515E+02     3.04721E+02     2.83009E-01
    D      1.07278      3.56062     8.04583E+01     2.89575E-01     3.33403E-01     2.61594E-03     4.31166E+02     3.12439E+02     2.90455E-01
    D      1.10028      3.55467     8.25208E+01     2.96998E-01     3.41598E-01     2.61594E-03     4.41801E+02     3.20146E+02     2.97900E-01
    D      1.12778      3.54875     8.45833E+01     3.04421E-01     3.49715E-01     2.61594E-03     4.52420E+02     3.27841E+02     3.05346E-01
    D      1.15528      3.54292     8.66458E+01     3.11844E-01     3.57828E-01     2.61594E-03     4.63024E+02     3.35524E+02     3.12791E-01
    D      1.18278      3.53724     8.87083E+01     3.19267E-01     3.66010E-01     2.61594E-03     4.73611E+02     3.43196E+02     3.20237E-01
    D      1.21028      3.53177     9.07708E+01     3.26690E-01     3.74324E-01     2.61594E-03     4.84181E+02     3.50856E+02     3.27683E-01
    D      1.23778      3.52655     9.28333E+01     3.34113E-01     3.82810E-01     2.61594E-03     4.94735E+02     3.58504E+02     3.35128E-01
    D      1.26528      3.52159     9.48958E+01     3.41536E-01     3.91473E-01     2.61594E-03     5.05274E+02     3.66141E+02     3.42574E-01
    D      1.29278      3.51680     9.69583E+01     3.48960E-01     4.00257E-01     2.61594E-03     5.15799E+02     3.73767E+02     3.50020E-01
    D      1.32028      3.51209     9.90208E+01     3.56383E-01     4.09033E-01     2.61594E-03     5.26310E+02     3.81384E+02     3.57465E-01
    D      1.34778      3.50727     1.01083E+02     3.63806E-01     4.17608E-01     2.61594E-03     5.36811E+02     3.88993E+02     3.64911E-01
    D      1.37528      3.50219     1.03146E+02     3.71229E-01     4.25786E-01     2.61594E-03     5.47300E+02     3.96594E+02     3.72356E-01
    D      1.40278      3.49672     1.05208E+02     3.78652E-01     4.33434E-01     2.61594E-03     5.57781E+02     4.04189E+02     3.79802E-01
    D      1.43028      3.49076     1.07271E+02     3.86075E-01     4.40525E-01     2.61594E-03     5.68251E+02     4.11776E+02     3.87248E-01
    D      1.45778      3.48430     1.09333E+02     3.93498E-01     4.47134E-01     2.61594E-03     5.78710E+02     4.19355E+02     3.94693E-01
    D      1.48528      3.47733     1.11396E+02     4.00921E-01     4.53391E-01     2.61594E-03     5.89155E+02     4.26924E+02     4.02139E-01
    D      1.51278      3.46994     1.13458E+02     4.08344E-01     4.59443E-01     2.61594E-03     5.99584E+02     4.34481E+02     4.09585E-01
    D      1.54028      3.46222     1.15521E+02     4.15767E-01     4.65428E-01     2.61594E-03     6.09994E+02     4.42025E+02     4.17030E-01
    D      1.56778      3.45431     1.17583E+02     4.23190E-01     4.71448E-01     2.61594E-03     6.20384E+02     4.49554E+02     4.24476E-01
    D      1.59528      3.44626     1.19646E+02     4.30613E-01     4.77545E-01     2.61594E-03     6.30752E+02     4.57067E+02     4.31921E-01
    D      1.62278      3.43800     1.21708E+02     4.38036E-01     4.83661E-01     2.61594E-03     6.41099E+02     4.64564E+02     4.39367E-01
    D      1.65028      3.42917     1.23771E+02     4.45460E-01     4.89584E-01     2.61594E-03     6.51425E+02     4.72047E+02     4.46813E-01
    D      1.67778      3.41914     1.25833E+02     4.52883E-01     4.94980E-01     2.61594E-03     6.61732E+02     4.79516E+02     4.54258E-01
    D      1.70528      3.40716     1.27896E+02     4.60306E-01     4.99583E-01     2.61594E-03     6.72022E+02     4.86973E+02     4.61704E-01
    D      1.73278      3.39238     1.29958E+02     4.67729E-01     5.03406E-01     2.61594E-03     6.82291E+02     4.94414E+02     4.69150E-01
    D      1.76028      3.37385     1.32021E+02     4.75152E-01     5.06698E-01     2.61594E-03     6.92527E+02     5.01831E+02     4.76595E-01
    D      1.78778      3.35073     1.34083E+02     4.82575E-01     5.09749E-01     2.61594E-03     7.02716E+02     5.09214E+02     4.84041E-01
    D      1.81528      3.32250     1.36146E+02     4.89998E-01     5.12740E-01     2.61594E-03     7.12839E+02     5.16550E+02     4.91486E-01
    D      1.84278      3.28754     1.38208E+02     4.97421E-01     5.15755E-01     2.61594E-03     7.22876E+02     5.23823E+02     4.98932E-01
    D      1.87028      3.24099     1.40271E+02     5.04844E-01     5.18925E-01     2.61594E-03     7.32794E+02     5.31010E+02     5.06378E-01
    D      1.89778      3.17147     1.42333E+02     5.12267E-01     5.22510E-01     2.61594E-03     7.42540E+02     5.38073E+02     5.13823E-01
    D      1.92528      3.05573     1.44396E+02     5.19690E-01     5.26857E-01     2.61594E-03     7.52012E+02     5.44936E+02     5.21269E-01
    D      1.95278      2.85315     1.46458E+02     5.27113E-01     5.32142E-01     2.61594E-03     7.61027E+02     5.51468E+02     5.28715E-01
    D      1.95389          NaN     1.46542E+02     5.27413E-01             NaN     2.61594E-03     7.61377E+02     5.51722E+02     5.29015E-01
